123
NULL 0 Common 0
Joined 7 0,255,0,255,0,0,0,0,0,0 Latin 1 0 1 Joined	# Joined [4a 6f 69 6e 65 64 ]a
|Broken|0|1 15 0,255,0,255,0,0,0,0,0,0 Common 2 10 2 |Broken|0|1	# Broken
અ 1 0,255,0,255,0,0,0,0,0,0 Gujarati 3 0 3 અ	# અ [a85 ]x
ન 1 0,255,0,255,0,0,0,0,0,0 Gujarati 4 0 4 ન	# ન [aa8 ]x
ે 0 0,255,0,255,0,0,0,0,0,0 Gujarati 5 17 5 ે	# ે [ac7 ]
ટ 1 0,255,0,255,0,0,0,0,0,0 Gujarati 6 0 6 ટ	# ટ [a9f ]x
ા 0 0,255,0,255,0,0,0,0,0,0 Gujarati 7 0 7 ા	# ા [abe ]
મ 1 0,255,0,255,0,0,0,0,0,0 Gujarati 8 0 8 મ	# મ [aae ]x
, 16 0,255,0,255,0,0,0,0,0,0 Common 9 6 9 ,	# , [2c ]p
હ 1 0,255,0,255,0,0,0,0,0,0 Gujarati 10 0 10 હ	# હ [ab9 ]x
ડ 1 0,255,0,255,0,0,0,0,0,0 Gujarati 11 0 11 ડ	# ડ [aa1 ]x
ક 1 0,255,0,255,0,0,0,0,0,0 Gujarati 12 0 12 ક	# ક [a95 ]x
ં 0 0,255,0,255,0,0,0,0,0,0 Gujarati 13 17 13 ં	# ં [a82 ]
સ 1 0,255,0,255,0,0,0,0,0,0 Gujarati 14 0 14 સ	# સ [ab8 ]x
્ 0 0,255,0,255,0,0,0,0,0,0 Gujarati 15 17 15 ્	# ્ [acd ]
ત 1 0,255,0,255,0,0,0,0,0,0 Gujarati 16 0 16 ત	# ત [aa4 ]x
ર 1 0,255,0,255,0,0,0,0,0,0 Gujarati 17 0 17 ર	# ર [ab0 ]x
ચ 1 0,255,0,255,0,0,0,0,0,0 Gujarati 18 0 18 ચ	# ચ [a9a ]x
ય 1 0,255,0,255,0,0,0,0,0,0 Gujarati 19 0 19 ય	# ય [aaf ]x
ો 0 0,255,0,255,0,0,0,0,0,0 Gujarati 20 0 20 ો	# ો [acb ]
” 16 0,255,0,255,0,0,0,0,0,0 Common 21 10 21 "	# ” [201d ]p
' 16 0,255,0,255,0,0,0,0,0,0 Common 22 10 22 '	# ' [27 ]p
ુ 0 0,255,0,255,0,0,0,0,0,0 Gujarati 23 17 23 ુ	# ુ [ac1 ]
વ 1 0,255,0,255,0,0,0,0,0,0 Gujarati 24 0 24 વ	# વ [ab5 ]x
બ 1 0,255,0,255,0,0,0,0,0,0 Gujarati 25 0 25 બ	# બ [aac ]x
જ 1 0,255,0,255,0,0,0,0,0,0 Gujarati 26 0 26 જ	# જ [a9c ]x
એ 1 0,255,0,255,0,0,0,0,0,0 Gujarati 27 0 27 એ	# એ [a8f ]x
ઓ 1 0,255,0,255,0,0,0,0,0,0 Gujarati 28 0 28 ઓ	# ઓ [a93 ]x
ૂ 0 0,255,0,255,0,0,0,0,0,0 Gujarati 29 17 29 ૂ	# ૂ [ac2 ]
( 16 0,255,0,255,0,0,0,0,0,0 Common 30 10 33 (	# ( [28 ]p
િ 0 0,255,0,255,0,0,0,0,0,0 Gujarati 31 0 31 િ	# િ [abf ]
પ 1 0,255,0,255,0,0,0,0,0,0 Gujarati 32 0 32 પ	# પ [aaa ]x
) 16 0,255,0,255,0,0,0,0,0,0 Common 33 10 30 )	# ) [29 ]p
ફ 1 0,255,0,255,0,0,0,0,0,0 Gujarati 34 0 34 ફ	# ફ [aab ]x
ળ 1 0,255,0,255,0,0,0,0,0,0 Gujarati 35 0 35 ળ	# ળ [ab3 ]x
લ 1 0,255,0,255,0,0,0,0,0,0 Gujarati 36 0 36 લ	# લ [ab2 ]x
દ 1 0,255,0,255,0,0,0,0,0,0 Gujarati 37 0 37 દ	# દ [aa6 ]x
ણ 1 0,255,0,255,0,0,0,0,0,0 Gujarati 38 0 38 ણ	# ણ [aa3 ]x
છ 1 0,255,0,255,0,0,0,0,0,0 Gujarati 39 0 39 છ	# છ [a9b ]x
. 16 0,255,0,255,0,0,0,0,0,0 Common 40 6 40 .	# . [2e ]p
ી 0 0,255,0,255,0,0,0,0,0,0 Gujarati 41 0 41 ી	# ી [ac0 ]
ખ 1 0,255,0,255,0,0,0,0,0,0 Gujarati 42 0 42 ખ	# ખ [a96 ]x
આ 1 0,255,0,255,0,0,0,0,0,0 Gujarati 43 0 43 આ	# આ [a86 ]x
થ 1 0,255,0,255,0,0,0,0,0,0 Gujarati 44 0 44 થ	# થ [aa5 ]x
ધ 1 0,255,0,255,0,0,0,0,0,0 Gujarati 45 0 45 ધ	# ધ [aa7 ]x
- 16 0,255,0,255,0,0,0,0,0,0 Common 46 3 46 -	# - [2d ]p
ઇ 1 0,255,0,255,0,0,0,0,0,0 Gujarati 47 0 47 ઇ	# ઇ [a87 ]x
ૈ 0 0,255,0,255,0,0,0,0,0,0 Gujarati 48 17 48 ૈ	# ૈ [ac8 ]
ઝ 1 0,255,0,255,0,0,0,0,0,0 Gujarati 49 0 49 ઝ	# ઝ [a9d ]x
ઈ 1 0,255,0,255,0,0,0,0,0,0 Gujarati 50 0 50 ઈ	# ઈ [a88 ]x
ઢ 1 0,255,0,255,0,0,0,0,0,0 Gujarati 51 0 51 ઢ	# ઢ [aa2 ]x
ગ 1 0,255,0,255,0,0,0,0,0,0 Gujarati 52 0 52 ગ	# ગ [a97 ]x
શ 1 0,255,0,255,0,0,0,0,0,0 Gujarati 53 0 53 શ	# શ [ab6 ]x
ભ 1 0,255,0,255,0,0,0,0,0,0 Gujarati 54 0 54 ભ	# ભ [aad ]x
ઠ 1 0,255,0,255,0,0,0,0,0,0 Gujarati 55 0 55 ઠ	# ઠ [aa0 ]x
ઞ 1 0,255,0,255,0,0,0,0,0,0 Gujarati 56 0 56 ઞ	# ઞ [a9e ]x
₹ 0 0,255,0,255,0,0,0,0,0,0 Common 57 4 57 ₹	# ₹ [20b9 ]
ઘ 1 0,255,0,255,0,0,0,0,0,0 Gujarati 58 0 58 ઘ	# ઘ [a98 ]x
_ 16 0,255,0,255,0,0,0,0,0,0 Common 59 10 59 _	# _ [5f ]p
્‌ 0 0,255,0,255,0,0,0,0,0,0 Gujarati 60 17 60 ્‌	# ્‌ [acd 200c ]
! 16 0,255,0,255,0,0,0,0,0,0 Common 61 10 61 !	# ! [21 ]p
: 16 0,255,0,255,0,0,0,0,0,0 Common 62 6 62 :	# : [3a ]p
ઃ 0 0,255,0,255,0,0,0,0,0,0 Gujarati 63 0 63 ઃ	# ઃ [a83 ]
૦ 8 0,255,0,255,0,0,0,0,0,0 Gujarati 64 0 64 ૦	# ૦ [ae6 ]0
૯ 8 0,255,0,255,0,0,0,0,0,0 Gujarati 65 0 65 ૯	# ૯ [aef ]0
૧ 8 0,255,0,255,0,0,0,0,0,0 Gujarati 66 0 66 ૧	# ૧ [ae7 ]0
૨ 8 0,255,0,255,0,0,0,0,0,0 Gujarati 67 0 67 ૨	# ૨ [ae8 ]0
૬ 8 0,255,0,255,0,0,0,0,0,0 Gujarati 68 0 68 ૬	# ૬ [aec ]0
ઊ 1 0,255,0,255,0,0,0,0,0,0 Gujarati 69 0 69 ઊ	# ઊ [a8a ]x
[ 16 0,255,0,255,0,0,0,0,0,0 Common 70 10 72 [	# [ [5b ]p
૫ 8 0,255,0,255,0,0,0,0,0,0 Gujarati 71 0 71 ૫	# ૫ [aeb ]0
] 16 0,255,0,255,0,0,0,0,0,0 Common 72 10 70 ]	# ] [5d ]p
ઉ 1 0,255,0,255,0,0,0,0,0,0 Gujarati 73 0 73 ઉ	# ઉ [a89 ]x
॥ 16 0,255,0,255,0,0,0,0,0,0 Common 74 0 74 ॥	# ॥ [965 ]p
ૃ 0 0,255,0,255,0,0,0,0,0,0 Gujarati 75 17 75 ૃ	# ૃ [ac3 ]
ષ 1 0,255,0,255,0,0,0,0,0,0 Gujarati 76 0 76 ષ	# ષ [ab7 ]x
૪ 8 0,255,0,255,0,0,0,0,0,0 Gujarati 77 0 77 ૪	# ૪ [aea ]0
૮ 8 0,255,0,255,0,0,0,0,0,0 Gujarati 78 0 78 ૮	# ૮ [aee ]0
ૉ 0 0,255,0,255,0,0,0,0,0,0 Gujarati 79 0 79 ૉ	# ૉ [ac9 ]
7 8 0,255,0,255,0,0,0,0,0,0 Common 80 2 80 7	# 7 [37 ]0
0 8 0,255,0,255,0,0,0,0,0,0 Common 81 2 81 0	# 0 [30 ]0
? 16 0,255,0,255,0,0,0,0,0,0 Common 82 10 82 ?	# ? [3f ]p
1 8 0,255,0,255,0,0,0,0,0,0 Common 83 2 83 1	# 1 [31 ]0
। 16 0,255,0,255,0,0,0,0,0,0 Common 84 0 84 ।	# । [964 ]p
/ 16 0,255,0,255,0,0,0,0,0,0 Common 85 6 85 /	# / [2f ]p
* 16 0,255,0,255,0,0,0,0,0,0 Common 86 10 86 *	# * [2a ]p
3 8 0,255,0,255,0,0,0,0,0,0 Common 87 2 87 3	# 3 [33 ]0
; 16 0,255,0,255,0,0,0,0,0,0 Common 88 10 88 ;	# ; [3b ]p
ૌ 0 0,255,0,255,0,0,0,0,0,0 Gujarati 89 0 89 ૌ	# ૌ [acc ]
ઙ 1 0,255,0,255,0,0,0,0,0,0 Gujarati 90 0 90 ઙ	# ઙ [a99 ]x
ન્‍ 1 0,255,0,255,0,0,0,0,0,0 Gujarati 91 0 91 ન્‍	# ન્‍ [aa8 acd 200d ]x
2 8 0,255,0,255,0,0,0,0,0,0 Common 92 2 92 2	# 2 [32 ]0
સ્‍ 1 0,255,0,255,0,0,0,0,0,0 Gujarati 93 0 93 સ્‍	# સ્‍ [ab8 acd 200d ]x
" 16 0,255,0,255,0,0,0,0,0,0 Common 94 10 94 "	# " [22 ]p
૭ 8 0,255,0,255,0,0,0,0,0,0 Gujarati 95 0 95 ૭	# ૭ [aed ]0
4 8 0,255,0,255,0,0,0,0,0,0 Common 96 2 96 4	# 4 [34 ]0
% 16 0,255,0,255,0,0,0,0,0,0 Common 97 4 97 %	# % [25 ]p
“ 16 0,255,0,255,0,0,0,0,0,0 Common 98 10 98 "	# “ [201c ]p
9 8 0,255,0,255,0,0,0,0,0,0 Common 99 2 99 9	# 9 [39 ]0
8 8 0,255,0,255,0,0,0,0,0,0 Common 100 2 100 8	# 8 [38 ]0
6 8 0,255,0,255,0,0,0,0,0,0 Common 101 2 101 6	# 6 [36 ]0
ૅ 0 0,255,0,255,0,0,0,0,0,0 Gujarati 102 17 102 ૅ	# ૅ [ac5 ]
૩ 8 0,255,0,255,0,0,0,0,0,0 Gujarati 103 0 103 ૩	# ૩ [ae9 ]0
| 0 0,255,0,255,0,0,0,0,0,0 Common 104 10 104 |	# | [7c ]
ઽ 1 0,255,0,255,0,0,0,0,0,0 Gujarati 105 0 105 ઽ	# ઽ [abd ]x
ૐ 1 0,255,0,255,0,0,0,0,0,0 Gujarati 106 0 106 ૐ	# ૐ [ad0 ]x
ઔ 1 0,255,0,255,0,0,0,0,0,0 Gujarati 107 0 107 ઔ	# ઔ [a94 ]x
ઐ 1 0,255,0,255,0,0,0,0,0,0 Gujarati 108 0 108 ઐ	# ઐ [a90 ]x
ઋ 1 0,255,0,255,0,0,0,0,0,0 Gujarati 109 0 109 ઋ	# ઋ [a8b ]x
5 8 0,255,0,255,0,0,0,0,0,0 Common 110 2 110 5	# 5 [35 ]0
– 16 0,255,0,255,0,0,0,0,0,0 Common 111 10 111 -	# – [2013 ]p
— 16 0,255,0,255,0,0,0,0,0,0 Common 112 10 112 -	# — [2014 ]p
’ 16 0,255,0,255,0,0,0,0,0,0 Common 113 10 113 '	# ’ [2019 ]p
+ 0 0,255,0,255,0,0,0,0,0,0 Common 114 3 114 +	# + [2b ]
ઑ 1 0,255,0,255,0,0,0,0,0,0 Gujarati 115 0 115 ઑ	# ઑ [a91 ]x
ઍ 1 0,255,0,255,0,0,0,0,0,0 Gujarati 116 0 116 ઍ	# ઍ [a8d ]x
‘ 16 0,255,0,255,0,0,0,0,0,0 Common 117 10 117 '	# ‘ [2018 ]p
= 0 0,255,0,255,0,0,0,0,0,0 Common 118 10 118 =	# = [3d ]
ૢ 0 0,255,0,255,0,0,0,0,0,0 Gujarati 119 17 119 ૢ	# ૢ [ae2 ]
ૄ 0 0,255,0,255,0,0,0,0,0,0 Gujarati 120 17 120 ૄ	# ૄ [ac4 ]
ઁ 0 0,255,0,255,0,0,0,0,0,0 Gujarati 121 17 121 ઁ	# ઁ [a81 ]
઼ 0 0,255,0,255,0,0,0,0,0,0 Gujarati 122 17 122 ઼	# ઼ [abc ]
